10
2769.32
-522379
6.9551e+08
1.9891e+30
Sun
16.278
-524.82
255
255
255
1.14828e+09
1.50232e+08
2.4397e+06
3.33022e+23
Mercury
-4453.53
33070.7
150
75
0
2.16125e+09
1.10045e+08
6.0518e+06
4.87e+24
Venus
-1358.59
24237.9
36
179
167
2.99032e+09
9.35726e+07
6.35686e+06
5.97e+24
Earth
-826.797
20579.9
0
121
219
4.558e+09
7.59149e+07
3.3895e+06
6.4171e+23
Mars
-527.807
16780.9
153
46
0
-4.17114e+09
-2.68587e+09
6.9551e+08
1.9891e+30
Sun Copy #1
302.795
60.961
255
255
255
-5.99104e+07
-2.73058e+09
6.9551e+08
1.9891e+30
Sun Copy #2
127.184
368.375
255
255
255
2.9406e+09
-2.61081e+09
6.9551e+08
1.9891e+30
Sun Copy #3
-446.257
95.5174
255
255
255
-2.6714e+09
-4.0322e+09
6.35686e+06
5.97e+24
Earth Copy #1
-13824.5
9229.05
0
121
219
9.87177e+08
-4.2173e+09
6.35686e+06
5.97e+24
Earth Copy #2
17017.5
4086.26
0
121
219
